function dotest()
%create cell array of values and run through using for loop

isBlind = logical([ 0
     1
     0
     1
     0
     1
     0
     1
     0
     1
     0
     1
     0
     1
     0
     1
     0
     1
     0
     1
     0
     1
     0
     1
     0
     1
     0
     1
     0
     1
     0
     1
     0
     1
     0
     1
     0
     1
     0
     1 
     0
     1
     0
     1
     0
     1
     0
     1
     0
     1
     0
     1
     0
     1
     0
     1
     0
     1
     0
     1
     0
     1
     0
     1
     0
     1
     0
     1
     0
     1
     0
     1
     0
     1
     0
     1
     0
     1
     0
     1
     0
     1
     0
     1
     0
     1
     0
     1
     0
     1
     0
     1
     0
     1
     0
     1]);

 year = [2012
        2012
        2012
        2012
        2012
        2012
        2012
        2012
        2013
        2013
        2013
        2013
        2013
        2013
        2013
        2013
        2012
        2012
        2012
        2012
        2012
        2012
        2012
        2012
        2013
        2013
        2013
        2013
        2013
        2013
        2013
        2013
        2012
        2012
        2012
        2012
        2012
        2012
        2012
        2012
        2013
        2013
        2013
        2013
        2013
        2013
        2013
        2013
        2012
        2012
        2012
        2012
        2012
        2012
        2012
        2012
        2013
        2013
        2013
        2013
        2013
        2013
        2013
        2013
        2012
        2012
        2012
        2012
        2012
        2012
        2012
        2012
        2013
        2013
        2013
        2013
        2013
        2013
        2013
        2013
        2012
        2012
        2012
        2012
        2012
        2012
        2012
        2012
        2013
        2013
        2013
        2013
        2013
        2013
        2013
        2013];

    ageRange = [1
     1
     2
     2
     3
     3
     3
     3
     1
     1
     2
     2
     3
     3
     3
     3
     1
     1
     2
     2
     3
     3
     3
     3
     1
     1
     2
     2
     3
     3
     3
     3
     1
     1
     2
     2
     3
     3
     3
     3
     1
     1
     2
     2
     3
     3
     3
     3
     1
     1
     2
     2
     3
     3
     3
     3
     1
     1
     2
     2
     3
     3
     3
     3
     1
     1
     2
     2
     3
     3
     3
     3
     1
     1
     2
     2
     3
     3
     3
     3
     1
     1
     2
     2
     3
     3
     3
     3
     1
     1
     2
     2
     3
     3
     3
     3];
 
 isMarried = logical([0
     0
     0
     0
     0
     0
     1
     1
     0
     0
     0
     0
     0
     0
     1
     1
     0
     0
     0
     0
     0
     0
     1
     1
     0
     0
     0
     0
     0
     0
     1
     1
     0
     0
     0
     0
     0
     0
     1
     1
     0
     0
     0
     0
     0
     0
     1
     1
     0
     0
     0
     0
     0
     0
     1
     1
     0
     0
     0
     0
     0
     0
     1
     1
     0
     0
     0
     0
     0
     0
     1
     1
     0
     0
     0
     0
     0
     0
     1
     1
     0
     0
     0
     0
     0
     0
     1
     1
     0
     0
     0
     0
     0
     0
     1
     1]);
 
     income = [150001
      150001
      150001
      150001
      150001
      150001
      150001
      150001
      150001
      150001
      150001
      150001
      150001
      150001
      150001
      150001
       35001
       35001
       35001
       35001
       35001
       35001
       35001
       35001
       35001
       35001
       35001
       35001
       35001
       35001
       35001
       35001
       28000
       28000
       28000
       28000
       28000
       28000
       28000
       28000
       28000
       28000
       28000
       28000
       28000
       28000
       28000
       28000
        9939
        9939
        9939
        9939
        9939
        9939
        9939
        9939
        9939
        9939
        9939
        9939
        9939
        9939
        9939
        9939
          10
          10
          10
          10
          10
          10
          10
          10
          10
          10
          10
          10
          10
          10
          10
          10
           0
           0
           0
           0
           0
           0
           0
           0
           0
           0
           0
           0
           0
           0
           0
           0];
       
 expRate = [0.5000
    0.5000
    0.5000
    0.5000
    0.5000
    0.5000
    0.5000
    0.5000
    0.5000
    0.5000
    0.5000
    0.5000
    0.5000
    0.5000
    0.5000
    0.5000
    0.4000
    0.4000
    0.4000
    0.4000
    0.4000
    0.4000
    0.4000
    0.4000
    0.4000
    0.4000
    0.4000
    0.4000
    0.4000
    0.4000
    0.4000
    0.4000
    0.2000
    0.2000 
    0.2000
    0.2000
    0.2000
    0.2000
    0.2000
    0.2000
    0.2000
    0.2000
    0.2000
    0.2000
    0.2000
    0.2000
    0.2000
    0.2000
    0.2000
    0.2000
    0.0000
    0.0000
    0.0000
    0.0000
    0.0000
    0.0000
    0.2000
    0.0000
    0.0000
    0.0000
    0.0000
    0.0000
    0.0000
    0.0000
         0
         0
         0
         0
         0
         0
         0
         0
         0
         0
         0
         0
         0
         0
         0
         0
         0
         0
         0
         0
         0
         0
         0
         0
         0
         0
         0
         0
         0
         0
         0
         0];
     
     expTaxableIncome = [150001
         148021
         150001
         148021
         150001
         148021
         149721
         147741
         150001
         147901
         150001
         147901
         150001
         147901
         149705
         147605
         27526
         25546
         25061
         23081
         24911
         22931
         27085.05
         25105.05
         26896
         24796
         24501
         22401
         24341
         22241
         26350.05
         24250.05
         20525
         18545
         18060
         16080
         17910
         15930
         17180.50
         15200.50
         19895
         17795
         17500
         15400
         17340
         15240
         16569.50
         14469.50
         2464
         484
         0
         0
         0
         0
         0
         0
         1834
         0
         0
         0
         0
         0
         0
         0
         0
         0
         0
         0
         0
         0
         0
         0
         0
         0
         0
         0
         0
         0
         0
         0
         0
     0
     0
     0
     0
     0
     0
     0
     0
     0
     0
     0
     0
     0
     0
     0] ;
